9298
82493
14249
84427
88867
55002
29930
40149
74497
24232
8942
8887
4125
15350
71279
51267
44298
25603
11963
42932
47945
19949
97389
28114
8218
91177
42702
14428
22596
27053
47559
48246
9546
78161
32674
14765
33163
62604
54914
7661
86836
80209
32900
7313
95559
4179
74933
56209
29782
86896
99141
94080
23197
12883
22194
31415
4060
64896
62195
26656
91949
9755
74902
17848
87916
23928
32613
21079
2884
3880
45092
6073
84089
77992
13386
96000
98523
88319
52209
44658
91567
51351
38738
14764
64234
60932
46179
84646
42180
24727
11302
50481
34482
2556
68329
38750
26485
17295
76181
29369
21175
21274
35442
21616
15618
65181
17616
14142
53500
86177
75152
61420
53880
13890
76184
34466
91174
38716
19112
49706
63443
30414
187
14277
49323
84869
53027
75808
18516
29208
21529
39691
50482
56972
77659
82453
38505
11627
12947
92005
97804
88099
69777
68037
18341
45962
2503
9515
1030
21616
75573
64473
68382
75760
78750
17705
76981
48129
9865
11849
77337
31395
67892
44172
4719
45551
26625
43224
57178
39572
51581
71335
27671
21359
39372
62364
83673
41875
71879
84703
79843
47452
65528
64578
39564
60630
98635
32898
8759
8501
44747
86096
39896
12640
46620
60967
74543
73245
4191
31722
29169
72124
19409
73192
9835
75133
35556
93508
33360
23787
78211
13204
71239
60091
94134
27156
20721
92769
76406
29480
1270
21153
31929
57518
50145
78549
18485
24689
68147
39028
72763
97316
11153
92172
70509
37340
83657
22417
30849
17017
46205
25412
46573
33796
85504
40707
77304
6225
33477
53710
35706
34747
91216
83987
8618
41361
62536
27103
66050
30683
82484
55165
44352
9989
63689
31213
47329
47346
53630
78178
64364
99835
3591
27289
49984
89095
67997
27288
95320
1474
80999
47378
52573
72215
31365
61191
29928
10254
4647
12331
57289
87131
67496
1641
97120
31186
32854
44449
94884
2837
22628
75600
2672
42571
2890
69008
48018
70887
96297
43338
88713
93648
7069
41286
82215
54786
18830
12143
65040
23477
24474
22330
10608
8323
40323
24080
55861
73178
68529
50745
76015
7509
26346
95039
50080
45588
64048
98098
16475
76697
57789
21540
70345
81210
79178
52560
35996
98008
81055
17389
37837
5530
56071
64797
30205
96394
88877
86066
85924
57407
36811
78291
81268
79509
89683
47701
41449
70083
62151
74276
46780
19940
95816
33477
17502
74995
2389
69851
89355
83444
87240
43545
5326
43311
8342
35531
56057
97220
21597
58334
70979
74761
52977
68599
70622
42660
16300
12072
29095
78452
86348
92227
14744
82165
25704
48599
73512
28093
18450
79219
11538
5690
22764
16864
65353
47459
68748
37762
44679
90345
96096
32010
65106
49074
16961
35729
8086
33262
47801
37182
28066
50501
29409
59162
49018
71466
7761
22530
99559
26211
18102
27449
48253
40866
60666
29958
88325
29414
67721
49356
36111
80169
97718
17570
45595
14680
53299
53682
64294
17452
7216
8712
84305
36625
67874
33324
24443
91988
55854
40355
34551
90308
67804
82805
31175
44822
12763
35852
90588
96836
1561
26700
77006
99279
60622
22601
30311
13921
92635
10957
47725
99851
19669
32030
52829
3896
65354
77272
12236
37561
17627
46787
27869
1784
45944
75396
62958
75060
27601
69899
71896
29162
12951
65254
44793
73573
4208
75105
3846
96843
2414
51571
13047
38436
99953
82228
42332
81660
75852
70920
35573
9832
17707
79794
27968
63652
71543
90926
38712
99144
60825
10608
28306
73776
92215
73099
63701
96423
64556
67547
9618
83323
19118
39017
21759
35424
37597
80443
17084
13450
51363
69009
39634
69070
48803
67602
32722
20346
74880
87786
19490
52058
14747
64148
42186
6962
53600
5888
19737
18156
73435
29355
1479
8906
84725
23238
44330
22322
20033
77766
52124
71396
46775
91758
40467
11930
59360
89541
48629
34241
93680
84471
86299
8427
64972
28485
15389
18572
50725
35126
36728
24161
80833
54560
33067
81910
94150
93749
4233
14184
71515
56357
85580
34642
64468
42399
62924
40180
48293
11553
74421
41973
12377
77072
66752
77349
21910
82141
95921
72635
33619
49001
13148
30804
3561
46215
12715
14064
56316
33300
28248
27831
6009
30180
78825
70477
88932
41750
10658
53577
69655
1431
11902
82032
94856
78654
75733
33118
60795
71654
22105
10766
37008
35254
57922
56921
97821
86989
70985
54138
20289
15585
98321
42651
62118
77147
13128
67402
35249
40138
20979
4904
57922
32881
3289
69130
11535
79022
2248
88682
67029
40705
15800
4037
92311
73722
60958
90133
77064
48296
60623
97353
63881
75296
40004
42351
52443
69485
9753
87692
25975
30732
8949
249
79965
12238
69379
7852
7612
87979
12886
74641
28685
45038
95030
20996
35113
72341
27481
12177
20637
4456
25882
870
79753
82239
43222
48548
68076
52975
52593
94051
60
61542
10653
96377
90132
80032
20582
97744
68012
33468
72386
13049
94859
67416
50397
29972
56109
77879
42149
76746
98687
68031
77617
78440
50270
37191
26989
18346
6518
95934
28750
22930
57476
39403
19308
47608
35787
56242
61704
20151
89710
34090
33200
84569
17859
83598
30893
73968
77829
89394
67067
76516
57426
61036
71309
24048
98227
14650
58747
21097
10584
3849
44028
84412
59604
79688
48372
95391
35930
10076
15543
41992
60519
65095
42914
78378
65045
73807
68698
59226
63202
52117
52095
36980
13153
23404
77380
27732
38054
36127
48830
64990
56328
92858
49402
15932
88898
97774
11324
24828
7850
43219
66820
68369
24666
9734
63099
6064
83542
48150
65290
63096
267
33737
76
29773
57141
77456
57505
11547
29936
6335
76537
86264
15545
25939
18549
4443
23713
46225
45623
47916
5796
12444
16285
30462
38530
95737
52878
38424
43887
34521
1520
60506
68258
17948
90279
25400
11757
64137
36947
41693
70472
13485
44309
2370
55776
62858
23165
79490
9083
68789
43758
14879
97585
60043
61694
36115
72132
14572
74540
32371
65445
92412
92878
33704
10361
99509
59104
38470
63646
12403
80163
50471
42240
40824
52841
14369
20035
92358
10211
45470
77499
53969
76702
75084
30364
38396
27552
2497
69320
18444
34868
34766
27208
44098
84822
53921
43608
60278
92391
7254
72681
72554
57725
31274
29731
26918
45643
49766
35629
72206
95236
13128
26175
88290
4565
56539
43038
48469
75388
12359
66913
10257
63477
94121
70707
64651
48043
14315
24929
56786
21570
13962
45693
95647
45236
75424
38918
7231
41542
74547
95789
53130
87675
21964
41421
8592
94856
84459
57061
70244
13170
23974
96853
92999
34448
67561
57650
98843
81876
82579
55629
19798
96542
1322
31798
58130
93098
70716
81714
34640
45263
77503
87771
49290
15820
45544
57883
10676
30003
14944
80920
59526
55271
77774
52525
89719
45335
10176
4914
43563
9107
76895
63362
5649
94570
95160
80132
87668
65876
61846
38661
27491
55701
42784
76781
71521
88328
34664
82197
34683
49609
79470
94209
21232
57244
46735
10951
2579
73263
32217
46142
82370
9112
25856
4372
20034
37368
84504
24055
3244
62702
62716
47087
34755
21852
23869
22629
10180
74885
4826
44863
40846
84296
39073
62078
57892
2160
73029
76823
75423
21598
39318
74145
47063
65174
78517
67097
2543
79373
91152
22139
58427
70220
69227
93183
92072
9448
15812
18604
84333
36990
63468
25180
37639
18893
87258
95531
37405
76640
88707
12828
98238
28025
3325
61653
93199
98195
28751
12094
93920
36255
50586
52348
22828
36165
61883
14900
45613
94047
49857
46298
47389
13325
87830
1380
48570
75089
96912
85975
68081
1971
15155
82671
29996
34832
44325
39547
33027
89428
67994
26948
42035
18580
95648
64863
54745
73883
96116
16710
67930
45973
63008
31671
75650
50839
33052
40572
42280
46316
26547
10361
48287
58054
9384
78283
92886
53709
34182
42266
59489
2176
69214
1525
20756
81214
82740
91853
55097
95208
8563
23027
57533
87924
54698
49535
38763
87750
90107
97395
34066
33006
24108
98705
91060
33492
76988
299
3554
11171
42565
63043
13347
28131
80920
50456
9345
63661
42309
80794
75221
50873
20173
32755
38797
91223
82290
93912
78974
72398
7659
29392
21756
31767
44450
29169
81611
37790
29468
85165
48961
88385
64561
78661
32868
45481
45469
58565
25494
87778
39359
716
55003
59532
49823
10152
50755
48465
20416
46081
37215
28075
91826
58972
76194
36276
88141
57806
74066
17609
59323
39380
22346
23884
34393
55214
85718
79862
13779
11212
83992
69490
28280
38996
29022
78103
65500
96129
42921
85917
42211
80136
30344
50389
39108
6539
3017
27249
80697
93435
61210
56372
32815
83556
80257
83560
55122
65975
79774
68901
93539
63767
54743
21820
19115
83765
16275
84615
96247
59196
70532
38458
39333
877
5199
94793
23768
8216
22043
20817
1651
99605
77189
50819
83162
73798
50731
54636
39773
30506
23538
33313
94273
78281
71485
13388
78399
4112
14355
74646
63309
84888
29456
18994
2117
51007
13787
42237
75575
52182
63054
77226
51788
56595
44397
51302
30394
95129
5938
70167
41987
45828
19832
36260
40462
7669
66000
35213
11782
80355
9859
91443
81595
55667
26789
64
6674
56928
42301
82249
25463
21707
75827
93603
78303
36577
44905
25049
48058
67195
11568
90045
29376
31401
42657
69838
55422
8657
5051
83556
5364
31262
74999
3312
3281
18140
3376
26307
75069
62030
8556
532
83737
735
94135
78392
37312
55392
3441
1722
38939
15010
91767
68315
62763
34424
38153
34537
59433
59556
18094
64798
7170
9445
84462
10451
27586
87838
36758
19007
49868
61666
19539
49958
78754
30026
44702
32418
1770
64496
34141
40709
95858
25908
9025
74973
76685
63530
9510
36118
39439
43956
17268
46609
53402
1730
73413
80988
5921
26523
99995
72141
88190
35886
38451
66944
82264
83154
99362
84034
64002
33503
41095
59860
75764
50120
51185
68801
30003
60695
4919
69442
21004
38540
16051
74406
56622
5816
71746
62543
32340
88093
51037
20530
23979
89488
3826
22595
88994
19540
22981
69348
69396
64076
29208
61512
30549
96745
30313
60552
73793
35232
29994
94797
90124
62397
69203
46747
68214
57301
25642
16906
45394
93031
53788
85725
82520
57614
8320
87866
93506
31301
57215
62902
95377
2775
24414
25926
99521
54727
2830
73314
6312
32824
68111
96436
11574
53666
59535
79788
10967
1530
13046
72713
94561
66834
58438
93433
40800
66758
81300
34306
14411
54867
97209
26140
73994
37975
68419
89867
9055
71249
63181
15367
4074
47644
28155
15648
17662
87691
11788
44981
89221
41186
17694
134
8020
76132
93568
48820
59242
74868
83126
73653
46087
96687
16146
20081
51015
84565
9949
60070
55814
89482
91789
76240
53479
19944
91888
87493
23987
20028
32475
29560
61214
66521
29695
85586
42654
23263
34406
18248
14483
33885
8254
60570
46924
24400
97003
97939
8965
23304
74361
81131
12787
66150
57372
82618
2447
65612
70111
42786
85641
18938
72347
63207
85460
18394
65146
44466
58009
99552
62714
72492
49789
87320
49414
13066
28072
62769
11005
37037
86074
1719
18169
15213
84221
75541
14183
3020
57505
84294
45807
43146
3233
34506
22706
5045
69252
87852
49511
27261
3756
28577
16105
69898
15898
81871
82964
43970
44640
10321
97360
47066
28392
31881
62279
12614
23774
76462
15634
81279
77109
77793
40778
96694
28651
79836
1739
97903
84040
51250
25164
4148
96179
41269
74046
28429
23140
73362
72400
84133
83684
86112
31199
12076
17993
93479
41042
58119
86293
56677
39398
63402
50822
96528
76448
79474
76364
78187
77377
60404
45789
2542
64553
41969
60163
54951
70398
99656
28314
59150
83789
11998
61614
14988
40426
95959
24819
81469
54078
27465
54498
9829
7219
5320
6357
83668
84794
99074
61855
78524
59478
23997
97418
40383
82318
57581
95335
69068
73589
23649
44571
73730
51999
6185
5071
8777
2145
29890
90246
72575
73707
44744
82404
80927
66417
5114
64595
51211
4188
42802
29735
63666
83151
27153
20402
65469
1087
15737
50890
74676
55738
95461
64759
24089
1646
69830
32866
20143
99720
39465
92719
89780
84209
75123
70707
50626
80237
51654
18190
84425
10808
64277
64444
10312
7783
84846
92133
25222
16935
43023
16250
89025
38484
81009
29466
56483
50839
78684
76626
66912
18149
69345
56692
18711
60821
43751
85689
41058
95405
3879
41836
22565
84509
22632
32877
92292
7478
41363
17514
40765
84386
33764
46142
39223
14774
75608
95706
81965
54292
72332
48877
88794
58030
5569
7505
18851
49320
9546
76261
61077
29778
34449
83643
14287
57081
32872
22931
80911
74235
56797
21676
74974
6913
84170
14197
38039
59778
26255
20005
30423
14939
68882
35569
72969
74452
43074
8172
23772
68972
786
1202
98750
35235
1197
13037
8669
34069
52320
89580
24657
9117
11257
15983
16031
11779
46532
70422
71558
72787
90427
18333
87726
59310
53902
60696
50114
13328
85220
90238
82300
86006
91440
81051
37594
92637
10440
46263
43059
62761
35843
84068
71878
63452
51
4261
75232
46583
74684
63142
19370
65111
97827
23448
40773
51729
84144
90887
81409
85717
97478
63709
88075
88918
61112
42021
97908
71553
88284
40967
50666
40480
41387
38896
20284
41438
43158
11868
4373
34194
75010
40095
15657
89189
63543
56431
40918
64040
63670
38679
66109
77500
2389
54184
66419
79853
96206
64327
67758
842
21646
18424
41322
63033
57321
77959
20823
16831
89827
41548
67377
81190
81643
83034
70379
61538
55817
27650
41930
35840
66329
8039
13340
85070
62224
96111
64924
74782
60438
49034
75624
98436
67459
33299
61469
41132
27610
82292
74315
17437
40192
41692
14979
21835
41078
85359
99726
96896
13009
41656
32736
95690
49696
62428
80761
28272
58540
62037
19406
18978
11071
11382
33767
94882
44681
95236
36014
72291
93881
26681
6081
34073
84725
21060
72261
25804
22771
71987
22700
52132
29995
71788
47823
96043
34216
28584
40667
92756
90621
60073
28087
18044
71456
61854
12927
32489
73442
65293
21133
83675
91975
43566
34101
76700
80978
6362
2504
3750
94701
41556
72234
24696
13344
20057
37092
47561
64993
77759
56669
71966
54185
1108
90011
25641
79314
2938
74482
52757
68231
11967
52784
76558
71885
86885
53259
52864
93247
72115
72966
4300
13672
45200
45349
43368
65258
82441
7281
46603
76552
63951
18570
30737
65059
24933
72730
44374
27871
63565
13483
12454
75532
66267
89013
47418
53153
58624
16634
62752
30739
89600
83405
60763
34800
28754
4132
16410
27547
11413
63014
20451
91716
97936
51189
56776
22869
23919
17502
50740
3836
47337
79546
95721
13604
68559
59491
83109
43535
76125
62214
74275
65725
61971
51390
16877
7077
55522
33288
34624
83288
12654
55075
75004
10590
22616
48132
49811
62888
65634
16903
66724
29323
96449
62445
59280
81361
21936
58741
24896
14413
20955
15523
80138
82926
66914
13368
90003
38788
63008
40979
22076
75662
12407
97081
2604
51375
45213
52415
14263
27200
69318
97340
56523
65767
76137
32155
63480
14426
90897
88377
28839
11852
20252
25330
11131
87166
38698
17486
42307
1706
74818
80735
93720
3577
94168
96324
54952
55734
65091
85568
82934
50761
82908
55809
16528
59045
87965
96361
73471
95214
84738
2311
23418
4990
43993
34549
8509
82691
68388
67168
749
43206
47903
94469
46783
42072
7145
1735
97806
88588
87303
97092
39349
86563
69253
72229
61961
73570
68590
51784
68784
53328
70447
92203
74671
14440
43104
99532
97131
11492
66700
14232
71050
14603
8701
17833
73027
32198
35921
70833
20786
39576
84277
60135
42492
53531
32365
4453
27101
17307
56237
12238
86988
26685
4441
61659
57477
47545
77543
70961
75390
60595
85193
46440
91550
10247
80626
64578
42445
32899
51763
79584
72475
36041
56071
31319
5924
4788
35772
49377
22096
8362
61615
9084
51399
66056
87095
8876
29954
64638
79837
21696
25233
81383
68136
16783
91630
65114
97713
34075
98013
49477
30011
86841
1870
86083
18160
7794
90871
70285
57171
12967
94999
18787
22051
46398
1195
25498
71626
47501
90136
67816
69197
31721
49199
53686
64857
40829
18800
62570
91256
33166
28399
21268
20007
30269
23703
54519
38063
14574
24804
11587
43894
19803
46726
82297
82553
64273
7796
54180
11775
14284
38348
97324
46006
87547
67362
27215
44728
2515
89785
35984
35681
34537
73604
72040
64806
97307
26559
19222
28234
67716
47161
72128
87519
93887
54425
86425
58160
62221
56957
86287
76506
95305
83612
38864
82852
67326
66079
27580
69841
72216
79916
5522
6753
53521
93914
87912
67180
20474
23486
95414
88190
70647
67542
92061
80886
38320
94838
39046
541
51795
25334
93399
47100
25298
48615
46304
92624
31046
73884
78818
19615
70153
692
26368
23674
94607
30632
90854
31433
54118
2621
35975
41117
86515
28036
22003
24835
22875
77402
41729
74670
2736
51480
38123
44386
96
84427
53362
47494
74664
48532
67109
44817
49225
93478
68491
60184
40462
75697
91617
10933
94670
27592
52050
81186
55628
90406
6021
94855
67808
47750
85878
86896
99231
24001
31282
15679
8428
996
63173
83092
49529
30283
44261
15106
40113
29104
75290
96927
4802
66907
7860
15824
94499
76263
97010
66479
66669
3032
77687
50829
67134
63565
37725
82717
3918
85359
98396
28698
86355
77922
28143
52236
8205
72404
67342
64670
1509
42632
61597
22663
25891
69458
38487
20390
62073
51850
3222
28742
54882
80909
79571
38368
60826
33648
21086
64744
19007
35834
9794
21714
13756
37937
73951
38313
26694
57645
2983
28203
278
64581
67218
26169
50391
5705
62912
12464
57555
66134
57558
28789
63395
53481
83510
24221
87129
20948
5317
22488
56782
15111
44202
86891
69401
34505
25204
96095
92151
44540
24298
8781
9121
7868
34950
75864
13573
14214
4680
87481
96700
62238
32622
60095
15719
16132
668
19200
37080
5985
41688
10215
37449
2242
97106
6850
36748
22310
19297
28899
83202
59947
37680
8675
67815
88982
84539
81388
3197
89219
85221
16249
51457
17844
76345
83528
50328
77013
19080
3761
99351
77120
13976
36800
79363
11082
60002
32463
49744
79299
77714
32947
39246
15394
41622
7061
20728
26162
4801
40277
31733
6375
56527
99543
24219
49224
99423
90899
26237
18504
94660
41940
11976
8636
78740
7691
36070
55094
40154
85815
34393
17868
35114
89991
49614
76736
13404
86695
19250
34558
26972
50984
40933
99851
66879
81504
49075
66302
72403
91665
1158
83416
33605
13135
92052
28698
37178
28123
83792
93685
30290
34538
27905
65404
24529
93872
42140
54286
80567
77743
88844
23891
45079
29777
23743
11958
11281
72818
94612
36
64483
95771
83452
14441
25258
91857
43139
62436
19980
26931
56121
50270
61469
379
32026
2351
94251
74166
72989
74818
68261
61833
98709
13340
7962
38804
25298
35595
27975
36263
35631
92458
32034
35436
23251
73644
27293
66390
36080
63625
93322
8554
30247
71143
8933
62273
89846
19536
52791
62835
94354
21053
41020
9415
34393
48982
48220
76044
84577
76195
12307
36561
85005
60693
71997
8257
34337
15642
74647
86769
79267
84321
11675
25866
55465
36960
88139
61663
56496
40930
24499
50850
78335
81871
76618
29081
30854
24838
5125
31783
17385
33784
68344
18742
10829
56693
26999
45166
88687
17999
31935
67954
18672
59963
10172
90489
96923
98311
52153
53420
55594
93004
20622
33929
74875
97240
63010
22081
38430
84487
53865
55815
34623
38561
74558
45452
11607
17909
90618
294
52260
38906
84601
70933
15221
94773
61422
12144
9437
13575
81916
65031
22931
2539
15312
97807
16131
94675
19888
54562
79162
90105
26729
30138
28667
17639
75590
40274
35549
82561
56920
4161
37819
41521
75094
53040
52647
36517
81536
62084
66444
63453
27115
89376
82344
42427
3535
14827
53454
39775
69389
48969
29881
12471
79107
74900
30110
71049
31526
82011
53610
88446
86173
7781
46320
77619
77173
98967
30488
58710
61051
13285
38515
88166
2661
37211
46945
22548
52038
400
62323
37780
49369
8556
50251
44828
83456
96713
15877
14982
78725
85840
3429
81250
93621
49749
58869
70795
65068
89358
45857
26119
2643
724
30637
21656
37935
93934
60556
6325
94334
39231
44105
60055
47788
10708
21235
31244
7422
37113
62579
2499
22953
66008
101
16574
32109
75322
3721
97177
81032
49578
39648
27
66654
70285
38035
4589
64219
98591
10915
74906
54175
71372
51313
1963
82081
72549
49559
5855
9662
12138
24706
32615
78146
41159
65541
26607
32833
85615
40136
13866
35193
79784
13893
18200
50069
68281
22789
30641
83224
50056
5547
37399
37781
56860
39362
36214
29409
88922
58421
55423
17412
99479
4390
11911
40638
69932
38518
73471
55547
78655
3689
7092
74791
33935
25292
24861
2216
64434
71854
85440
30842
77401
22840
68623
50613
62202
4837
96375
67476
63258
51798
84889
62737
56189
96800
19727
42473
51670
9551
14372
46677
13240
21464
21469
47175
63109
62682
49391
43895
34536
34832
74737
28289
74024
59713
78902
52578
64550
75277
20055
44161
43428
21296
23250
99617
34448
42978
58442
2470
68881
72814
49148
82121
10630
86969
29297
73739
66003
95040
33986
539
46224
25076
45180
20248
84789
24082
72827
65691
15712
9234
9852
59140
46882
49455
75109
97682
8785
33551
152
77666
6365
49300
59787
33347
52621
5436
23439
18624
477
57425
35515
63053
82501
80695
83302
83642
21130
72481
49334
53194
98067
75538
12334
44949
24993
3795
42631
33778
53698
59135
11444
76415
24788
87584
9762
77409
93020
33201
96034
9849
90627
47901
72903
89480
28597
72557
73123
66079
61390
38809
19273
59457
14347
47959
20758
39341
51754
79741
89471
5452
38876
916
81867
80016
4852
7981
57426
97872
41183
69812
24074
48162
17713
13329
37642
62662
2238
27117
28741
63628
65926
48014
39437
80274
12325
76547
35967
64079
56288
25438
85883
11516
42706
84102
91533
63910
8436
65311
61783
49619
35123
2209
97781
52836
15538
51775
15499
34128
78893
60592
97756
44819
24959
53545
41445
37284
30092
77412
17716
2732
19203
3599
14248
78261
4054
22133
42172
12490
87444
20307
78461
22567
38868
76242
91756
54406
44369
23607
88534
23262
84199
2642
84434
9158
72539
25879
62795
2631
19644
80511
21715
55199
462
52315
49812
4516
74449
8336
33358
78245
28643
28171
17165
67511
20765
25273
38269
65135
48880
43155
88397
49431
62149
89183
74942
34688
31415
37737
53671
67411
18248
75386
22610
18710
27702
88774
39579
18503
97111
89289
96748
42106
17461
30265
25970
38226
55538
64239
19713
4418
23747
8111
70202
85896
13646
45144
36937
45061
99233
90608
12472
17481
82347
51434
52543
26401
40209
8474
44904
37320
14116
58004
95778
31577
88270
21748
86155
43808
2340
5869
64579
26087
30332
34781
28335
43978
79925
81624
5392
95510
88585
17864
12991
70932
69299
81886
97333
9508
90361
58589
63180
4477
16593
58958
52406
4863
97059
54913
65024
99399
77134
29603
41838
7466
64384
86525
67797
60661
68150
73189
56171
56735
7405
85514
44019
76704
67400
41352
2564
74113
99941
82096
94942
16534
57407
63700
37750
54466
34966
2774
53865
12100
48729
12055
35919
13113
98580
3716
90126
83082
93257
46297
56169
662
31811
188
93719
15563
41540
12635
6029
57833
94732
17323
90720
52139
81024
44822
22957
15990
47596
93174
44442
96325
5229
80361
25790
20161
429
15916
19596
93686
62213
75765
10701
10376
75954
20772
42291
33846
33407
48320
8032
44491
81996
98752
12982
79372
43574
35939
11714
7522
29113
56156
20199
50694
36518
45989
87208
53299
61905
6804
63338
40470
82569
74039
67198
74875
11163
9489
25074
44570
74162
33106
5414
72510
31858
18396
51882
91784
70688
63596
99306
16153
19752
19505
66848
72622
81846
54056
42274
60103
77212
5612
573
59781
96003
84123
51009
7166
9964
76083
68088
478
9189
73502
72988
57399
8251
24870
49183
78939
88466
64841
95092
24571
698
78292
13545
82544
48700
55819
58999
25912
61431
75924
2046
73786
60047
53055
80952
70011
45490
49041
70490
54679
22543
43478
28430
47146
84701
77613
26085
89519
58806
37530
14090
75856
32174
43988
74752
80875
16159
33751
23139
93943
9675
41537
67729
69722
10944
48682
56085
56434
14075
26575
11113
52970
86406
39543
117
71107
33508
26202
60626
8666
80084
91069
84522
12259
35057
59274
93134
51216
93025
32625
45159
2700
74163
12889
88774
85107
77923
44860
41542
91998
71435
69007
44968
57841
24903
45085
45300
74763
87640
5927
83430
67724
96996
67952
96335
48405
27227
5821
99621
36604
38447
61133
39305
28962
74022
44431
14069
68297
89291
71963
60295
77079
57323
5263
51272
82226
66701
96573
56989
54341
18852
40419
38417
15848
8372
34753
64253
51951
40574
80226
88555
95373
41359
44212
24335
31733
88644
38405
30
94287
26720
60325
71366
84043
81941
22639
66269
48642
35564
39611
19335
54416
80030
74104
86616
4754
25209
67221
73057
65784
63799
61613
77509
5159
5825
1845
53244
10821
56602
53275
5109
83322
29952
92827
83718
11893
31818
66339
76887
67382
5950
12574
38150
2333
86679
41118
23439
11888
24691
96497
94024
88491
58110
71534
10002
80287
89731
63246
7461
46333
16521
12570
46007
46474
5397
29725
74719
37216
96065
51607
20950
18367
80533
75453
20700
67212
16571
60492
95453
41263
56989
5829
46106
31451
93715
56108
28090
83446
19354
35551
29779
35876
48121
75787
98702
69871
21864
73421
23439
34281
41380
60741
52649
21914
36194
89701
5478
69118
50193
17283
26733
23534
23113
72839
54985
16828
28947
83076
16627
48301
34979
46406
529
99453
38545
99231
69324
60410
89005
9115
94691
46737
69856
63692
68651
6051
69746
90482
75169
19939
24117
18254
59826
63582
91093
14811
96763
20040
14239
13390
84693
49219
59796
85223
48672
14694
806
34348
75104
6163
43463
86147
52901
29671
66192
37904
52074
35938
28386
43595
72229
68856
61849
32055
32438
52942
63219
29201
89334
93810
42591
74028
59381
18740
75603
24405
33434
92761
58753
24890
98925
18568
27389
68178
48240
93581
6082
314
29519
50821
43910
18101
19677
5759
50156
52115
75054
29727
81317
64388
23538
40260
54768
82919
59000
30371
7325
92434
39485
82430
17324
54762
999
44714
22940
65591
54647
45374
82257
84167
96195
42519
18620
32224
64631
68776
692
39685
98504
82009
20425
22042
38621
75194
21313
97622
21917
28638
90056
61402
11069
23733
32516
28420
68447
55456
94011
23094
831
92620
23613
13378
35140
42233
45603
99771
27362
46295
39456
42218
44656
59881
80612
83277
51427
1925
80899
73345
46916
87308
51099
74337
11041
83616
2757
95840
39072
13120
35286
56255
22092
75252
69634
57232
33837
31589
57003
61199
77884
12811
3417
38892
72693
381
22169
40472
2307
19421
13817
65575
6729
64917
39912
17770
64885
59021
13610
20309
88493
65248
76565
10585
40500
62551
67818
74338
94140
41173
51889
72024
53985
71659
10916
43030
72040
49437
83502
74347
68858
97320
39922
75587
78589
96186
9709
43474
55207
39671
80135
43700
4920
56700
70638
61772
19251
38456
36110
13391
79629
88000
1767
33614
59659
29035
76644
48051
94825
76499
22399
63683
90171
78673
55623
68760
74860
65332
28586
30067
21356
8721
90120
26276
81774
60758
88048
17377
15566
40511
47121
95195
44863
48888
45162
20874
94276
38158
68925
89101
14657
7676
69136
4828
86350
24759
89940
77562
6444
34878
23981
27800
59952
30453
70428
41726
91211
58476
75455
23129
15339
22576
18325
76554
87817
79839
97428
82093
34349
82706
87546
65359
90382
56682
86539
93084
97794
92832
70646
4238
27710
10980
48390
4014
41433
18818
45740
32645
93646
37548
72126
8986
60124
6803
85540
47941
86642
99321
46386
37344
82027
33932
2703
88761
6967
89242
81846
21113
98426
68844
41703
26137
79824
90093
30151
37610
8911
92244
86607
2557
29792
58733
27895
6268
65537
29788
54210
52179
29109
596
5875
27488
50881
8578
16249
74200
14173
14447
11665
12599
99644
53368
55088
95820
43461
85240
33430
68724
93836
20037
87633
39980
78771
15529
46248
44308
45317
458
12839
90778
17407
18715
18266
84640
27293
50867
58840
57818
65315
70505
70418
64959
40225
25506
77131
38
27098
10562
68762
37286
30599
56395
93618
9370
88276
39867
70030
49945
56677
82870
40723
90436
1585
58989
75076
45230
9857
50268
3049
91524
37125
89819
72835
77350
31677
49966
77388
75128
60528
62502
28766
91128
18898
22385
16850
23526
62252
86881
73472
35281
86103
14195
25718
87688
89537
17146
49270
15746
67415
68671
7270
4540
58490
96457
81891
6520
46423
59279
81648
6952
21782
26766
14432
57032
49151
47634
96910
27755
50867
86734
63037
36970
17282
5107
41010
6819
22253
90281
38917
89668
75304
62539
10561
33795
58996
92452
56667
5419
68083
54667
28723
6217
81433
59507
79601
30585
23494
92864
74692
74361
79598
37729
27684
96880
59188
68694
3699
97794
75327
58968
87462
50632
21507
14375
779
96855
23179
57446
2275
91263
28465
47350
13832
9898
23210
9786
56835
46704
2650
31528
37417
82248
85609
65101
79129
44798
50148
99180
42592
25475
74501
46406
92459
96008
60782
9590
92864
83961
83388
11491
91576
11853
75193
21761
21752
98403
31547
78587
61459
50549
10115
98877
32797
95725
63978
28278
56875
14126
43811
99467
55954
18312
45873
64765
30672
23007
74356
23536
23321
57744
51379
14897
85950
42925
36658
7702
41328
84557
2641
2788
35106
12757
18017
84256
24834
81995
12534
81709
12474
72697
97528
84780
91009
59753
49545
21682
82761
40253
61570
22434
14350
29302
37331
300
72227
90342
24354
29907
91251
26995
49047
26358
56104
67064
10614
97290
65412
39500
95351
77886
12198
92879
62666
3207
52633
28563
41241
51746
85169
19164
90532
99519
48466
27863
16171
20693
34557
40525
66952
25809
67520
16000
52167
39977
83064
79133
37267
48476
18633
32619
42714
30831
25498
21732
50391
94483
50296
7984
62581
51817
27148
53113
51336
75614
97329
67507
12659
48238
8032
79612
74047
91904
95612
42566
31881
95028
21699
69149
43505
56685
1768
86219
3868
43618
24304
70611
54454
74600
78596
33387
42769
5744
86501
94105
97711
182
77964
10370
48420
85996
6334
22468
94252
18298
81386
26134
13327
19438
11635
56832
92475
29755
59403
96343
73373
59
83307
44179
91011
61903
77567
33780
83999
80420
27885
81710
80602
5849
8433
29022
8197
14767
67842
18802
33066
65581
44936
46393
85019
72923
19577
77494
2678
95332
90189
92403
95392
73496
36583
86403
35399
14150
20184
19399
94570
64421
17461
75172
86623
25894
20546
94820
40662
4741
13622
90080
70322
74910
52825
71693
64185
72402
49187
66863
84086
39376
59267
95830
29225
95850
98586
80976
26352
18770
16727
37274
99543
34189
28798
86166
60083
49344
97339
17097
70437
27313
7177
40759
2224
76354
28804
82761
65108
77991
49625
49195
33720
25244
45025
79297
37446
43611
60273
63798
78733
77001
1072
78277
11190
29870
80795
87625
95566
78134
4723
82356
5448
28252
39467
24024
4607
68272
6785
69715
46263
56410
35262
96335
98006
96640
75632
35452
56603
35906
99250
35337
12907
16674
29966
40449
62896
10761
28074
74815
5248
49149
57171
10696
77402
96638
34720
98361
64910
57857
84428
27526
30620
19691
40213
28626
16331
32198
64079
72934
68104
79681
24623
97363
96356
54589
54164
59252
81703
82238
50419
86951
31388
7590
13999
25142
4229
65071
39855
85491
22928
24283
29369
53548
43974
69583
98527
76657
1781
62606
49592
86237
58639
90567
99952
54995
61509
54116
30600
43212
52706
81019
46515
446
4962
60514
25588
9191
25585
81795
11034
64865
6079
40404
34766
50053
9987
33293
43063
28120
12251
9007
14357
70890
99574
30661
42238
61083
84777
89190
20647
37483
70209
67162
54282
91523
44028
96222
714
69613
78018
28101
50831
84097
68505
85597
50502
94844
18890
93565
22964
47493
2572
53673
34735
18499
84334
76973
79582
85463
66163
16582
39298
52725
83744
93580
44248
44125
89803
61315
30090
67821
89416
80921
51918
74273
66518
18772
69117
1760
12338
8433
65605
31262
78458
341
66113
62792
77314
45696
48255
59830
78630
87553
28907
78726
97486
89507
22851
87289
50822
52942
55110
56590
33863
23380
47215
16734
42152
32684
18494
70842
41117
84100
18457
19575
793
84570
98719
94459
46618
46974
54289
25248
50880
99548
3975
48366
89056
43178
52007
56230
96120
23469
29173
46336
46849
76388
63070
5353
25425
97916
92548
66542
98368
27357
2470
99161
11927
1189
93621
74898
64516
64262
146
31748
80163
20473
96466
69219
63652
48473
41801
76124
71942
87326
38812
35143
80067
1882
56848
5492
16151
49396
72034
30871
76753
90856
30033
5033
8398
40006
79931
72914
20620
96429
21014
783
33255
17480
86354
96907
82305
44508
89383
54247
31834
28196
5742
11901
46430
62590
33745
62581
28339
22132
9805
21444
12988
56190
26477
21386
96196
22760
10652
33168
35542
31666
50304
68797
49146
53010
82056
31451
97518
71439
2050
45705
15987
7792
73958
62418
86735
7704
41351
15074
29836
51156
52870
59176
7346
95700
80563
19894
18460
91215
69415
54002
39234
19719
39151
88380
72729
21207
36184
86600
8999
54586
32305
24986
62379
22615
87404
65466
30319
45108
96892
76507
96264
49762
35684
19963
45462
32599
39857
63923
23814
9272
34277
63048
28991
89781
67781
18073
10988
20317
21025
19987
74903
69682
61326
53634
92297
48730
19100
38969
10190
15992
15476
6455
65755
67512
26418
27569
111
66275
7844
40278
91900
58474
19678
37243
48255
87459
71668
59243
7776
92693
95583
99032
62375
73261
52666
54673
38343
71767
93642
48534
4111
25470
54989
86218
9335
97759
13788
9446
80386
37984
66076
72286
96458
85755
25882
44713
73214
97550
20309
97343
90244
32244
96375
52619
5505
65393
23644
43848
53512
33638
92382
57624
59109
63723
60194
84796
61482
90334
10594
41869
28319
76671
30507
24777
62426
56389
85843
51992
53940
6152
65687
44184
54748
78414
13155
60253
43808
36800
20453
97320
70438
29188
71296
45899
92911
47843
47047
54394
38177
57642
12615
82848
34313
43122
23978
96739
99512
9821
65083
69804
32325
30771
13988
87073
9185
43495
63678
69345
96647
483
83018
83438
29671
70666
29337
22583
18509
92737
93329
73039
50379
5944
55887
84692
65418
79865
97783
64930
6038
62866
34734
38363
9989
65074
41788
35527
24922
21818
21224
21569
22302
4242
5007
51973
74909
50697
90908
93418
43434
84237
66457
93813
90181
38697
94857
55600
18562
92640
36882
40953
71858
87969
95668
98200
53043
37457
33727
94317
75627
71303
15887
97929
75546
20894
66255
66807
87943
57163
76577
31377
41401
43035
41542
47934
98084
36399
19886
32998
29039
56769
73951
17250
61090
69620
15450
14133
23429
65529
8451
99056
36832
40690
13338
28730
77936
79593
95537
65880
53108
72115
97257
94509
31502
38800
42444
29586
91551
78682
62584
36943
35451
52888
54193
96541
38860
85995
27027
62289
51524
51830
77697
4708
8872
7387
33439
86808
3332
28976
52688
56441
17443
66298
50950
48945
21450
9746
94883
13001
88429
73820
49944
40232
26708
4137
53126
81920
6484
96505
60561
74360
48335
38258
79069
73559
61998
28860
60367
65330
74188
13056
21771
91632
79354
89074
56929
17156
98820
51813
30157
3601
41985
80102
43834
85045
591
13312
66965
7076
9817
27526
97788
74504
82136
76857
48063
44134
5717
8430
9465
79906
37838
47588
87890
33544
36662
44819
50700
35483
12984
80858
55436
54969
77312
15622
40014
94255
28934
6979
1331
38751
50857
15472
29607
32994
92329
77670
77128
14399
2453
2945
94305
40291
50534
82195
73836
3548
43366
24536
55383
56351
21746
10820
11320
99058
26442
67687
93314
55377
91018
10997
10480
41876
26469
40088
91222
35151
34110
84702
49550
36563
87648
60207
76855
54534
58754
67043
58082
2120
7931
29818
58471
46030
40638
86144
45088
83432
70183
54754
55161
61201
82104
65642
19429
24925
22082
10651
60076
72544
11706
25978
9108
15706
86185
2315
70240
44939
85710
44674
63412
93641
74492
38235
56023
31482
40731
1112
14915
10914
72218
70076
88468
70674
52070
7897
95600
90504
34901
72028
63049
46607
14359
88509
62313
544
90824
48905
61836
76534
9931
25248
86527
776
63483
42551
32258
4215
60015
63525
31481
48585
49954
19949
19260
2024
44199
31212
8881
79100
19592
71930
42059
50303
60439
4372
67200
67615
69629
29036
44149
95912
70636
47028
96688
50471
5931
45299
71038
82298
8824
2520
30884
58778
38821
66496
77155
83020
14060
86036
62120
50004
74318
20531
308
34757
41255
67508
2372
10884
12896
62873
6797
99884
26253
19837
50355
32185
65136
21394
30835
90313
40266
61719
65443
79087
44567
42598
78460
58627
44986
56932
24984
19304
77464
41644
70413
18719
9152
72785
45956
38400
52010
52753
38284
94616
72590
88639
43153
54079
26385
73988
44392
83003
35708
9835
78443
96627
68786
56903
71607
13772
13835
96591
49429
91299
38235
19842
26371
63739
8980
72327
2139
60990
25080
40423
71958
14022
45414
15111
84453
88152
89100
28845
71155
41160
55033
49598
37787
23819
6501
9394
53943
36689
22337
3372
27988
60572
23215
70711
24311
32195
43038
42802
9537
84470
99577
81496
98493
44992
96607
82946
33144
2059
28144
4299
43219
83177
70250
97359
23348
76751
6753
77291
29792
45443
80664
74133
6015
3879
44844
46679
52426
87883
5833
61963
72353
5411
59811
87198
50403
56419
86497
99899
58478
14641
4198
18050
14170
90800
15409
37518
67552
38514
31161
13696
309
11825
87829
6325
32056
32674
69356
84482
20557
75189
62798
92910
96952
22609
96461
47355
79028
82958
47254
53859
13951
67805
88261
44473
58605
20022
81991
42509
74888
13152
56206
75198
41330
44035
81523
73386
76709
67231
74221
13618
58772
37019
22881
55725
59628
19342
19432
55009
18652
83039
25220
32603
50844
13481
77076
25801
33503
75419
84663
8391
4923
57221
83589
46253
1256
81464
35992
94318
65047
26565
24288
40172
63584
47169
95897
23212
82863
31681
94573
1515
14720
19793
34118
81916
49626
27546
7718
83129
2965
8733
7873
7889
65954
7814
70494
83562
5631
22838
94232
70678
49403
18521
10850
29339
65690
23099
52552
48554
54781
63477
66421
85853
83271
540
67770
32897
28086
91840
32379
47404
573
56604
71645
66527
64418
58491
66441
70049
81330
60674
57080
47085
79195
84282
76425
61237
23734
45329
26143
94867
8806
92565
80720
8429
9457
48490
57679
53895
56682
6410
1299
57255
63014
89296
40134
27432
47788
6576
13834
29118
83602
87266
92555
62797
71548
68980
40386
11634
14309
66530
6501
23116
75447
87222
47897
84904
52064
5576
38799
8747
11986
56451
82354
75000
45747
38841
18785
93535
61769
48971
39005
45371
36237
31561
8168
24137
541
64906
35772
14851
31436
42273
54319
23235
45847
18568
8139
97912
24145
63291
23011
52483
19742
21717
43836
81841
60558
78973
75377
22327
27944
30734
84050
80533
62295
92218
4670
79189
73477
40442
10392
21265
99068
64711
44501
44915
99631
52640
59179
40128
32283
98542
92612
68377
20260
52800
50219
97170
31773
41948
35850
76069
72682
19900
56602
34978
28471
77624
14167
1948
34419
24559
23213
33487
5622
67714
94754
5253
36707
70286
61734
85342
68828
70698
53720
5440
23498
3939
18963
71623
45887
54813
64044
34921
74713
20646
69899
19536
14622
418
21484
49041
41329
61050
98880
46951
28764
93635
68557
81823
63921
46643
67166
49101
17341
37238
54542
40839
57529
73505
28814
3416
44670
92858
54689
35735
29856
40941
55272
44478
41359
76756
93520
82689
37806
92400
45992
82923
2387
30901
81098
66308
77544
48264
31762
94885
1854
2656
52076
59383
92513
97242
79151
37183
90100
33841
72918
19956
74782
28190
80787
32493
21299
74307
31534
75457
83059
77527
58380
85447
24780
39479
68107
18677
4095
99869
29914
22302
18877
98343
81685
11390
95585
60837
48573
85686
94678
37844
21994
85812
82386
2781
18305
3685
93440
49840
79143
76500
43719
53875
78299
68499
9706
46406
3528
30154
62628
49795
52456
81505
48138
34141
9248
60075
94978
74173
45761
6008
12017
84108
91820
10756
3241
10126
14441
96682
59966
9936
89534
3685
80164
67833
88536
89870
30591
92065
36376
93219
58212
88832
91077
6350
22974
16677
66425
34304
90850
28539
56665
19220
28999
48485
29976
32240
74963
60769
28922
34929
87058
18456
54966
67222
86289
43503
73444
16881
51920
9821
26452
10132
98653
33881
32834
37979
50558
99259
88636
41409
44150
45301
76981
73149
93786
6957
5390
68750
84078
50664
20031
71136
69121
74998
38358
71762
34853
11803
4995
86773
21624
47800
13257
36629
98033
46091
74609
48592
61702
63245
6353
5853
24898
83334
95354
35036
6643
17096
20138
90721
67761
40170
78210
53234
31520
16568
41348
66373
44723
62696
69498
82699
10496
99107
19329
8529
61550
10290
73473
23252
89887
96178
45457
14785
79512
57164
49821
2507
74260
86312
9581
42021
26482
87791
95255
74354
20711
52956
57079
65435
15652
42929
48134
26148
42036
83815
51029
3586
94105
40855
43190
83992
37033
88648
15129
16546
62164
64951
35405
36424
67615
44986
78446
10449
32777
90053
84803
69841
43009
41882
35276
58661
1163
99762
1161
43199
83578
68543
63137
94035
9398
6327
78028
46431
11327
93157
79329
73491
74460
14735
9916
58427
76073
4714
68876
25203
11119
53679
95044
70481
11913
30320
29142
13076
46434
46656
72627
46364
15199
35764
40400
40949
42092
34780
87380
53419
44289
66710
43263
35102
97797
69531
93529
73870
74245
62406
99073
85364
32437
94117
55845
44351
40789
1340
73779
87224
64348
46407
33588
79547
82171
90340
36848
40615
25120
24228
10387
85762
7290
53650
20864
5087
23181
14393
78958
13778
93151
94383
15494
25589
88501
87692
86292
29290
89032
76423
32866
69732
22830
82807
65631
21354
73147
2479
78321
14620
26707
88708
382
33998
58710
37598
55437
98243
51991
34395
12021
61495
28779
43868
87084
33632
31560
73376
79274
20592
66151
12141
6676
88982
11300
72307
26688
799
74786
21361
15419
1493
10070
32153
51843
85132
86103
7281
83376
38095
58028
11749
99590
3159
55617
3026
36791
87177
92754
16066
24121
58905
44559
30797
64239
55859
3104
7279
56658
94242
28641
88430
95736
55063
36935
63931
40195
23039
71212
39923
77486
45593
68025
93428
48752
39994
96454
1896
27172
5560
34314
67645
64465
78873
14795
45057
51084
34251
52336
24094
28494
80977
12524
40582
36040
65812
4513
92588
88851
92078
48863
82689
37671
16888
76117
86423
56883
88923
4671
407
94483
38985
84404
75300
34210
15551
36709
85294
49803
89046
9389
78297
86375
38265
35231
38768
4077
39744
47708
9280
31822
96571
8321
69493
29812
84438
72269
86695
89713
93292
3454
548
32278
87858
92201
82840
3410
28910
68135
69565
34308
93876
64214
20684
32141
99445
59452
52571
55541
7160
78203
87364
20083
86525
73209
49895
87315
61830
52942
77029
55123
56396
93929
3753
60607
86130
86593
80369
15041
71080
66286
49349
64956
30500
86385
13450
46297
62189
66021
1838
85701
44224
5554
5785
30749
95116
72032
18065
56946
24975
11446
28421
97723
5375
48526
74682
7858
51472
71403
39251
22552
37689
88600
3861
84541
91338
17311
30838
53527
83332
49029
39229
43908
70935
61366
91010
66051
33398
25427
39350
58373
36873
67771
72449
58600
32650
47131
66458
474
34887
5709
23026
72576
10662
26887
73470
18352
44198
20660
71879
43882
69689
27460
87791
40625
88826
78801
23028
22225
4228
62378
96950
57453
46502
85751
16053
79152
32883
98864
79626
67770
20925
19004
56698
31587
62244
30168
49939
22794
67181
38171
66677
53222
65631
70820
93847
70810
65973
33228
9387
86553
95606
6337
44006
42108
92089
76411
37612
41324
75275
33590
25446
96201
52595
98496
44140
14839
45017
10432
53985
12198
48603
37014
65420
30586
7834
75620
1396
90159
8848
10783
76712
4454
17121
37070
62915
25562
29834
527
83238
21461
34118
8684
34014
3065
7180
78155
34256
52197
88587
88241
80747
53542
25256
46168
84128
49442
38140
85525
39602
46988
96308
32666
67794
29781
86089
30709
71695
15923
31237
54933
37384
81707
79969
71399
84772
87150
65906
19028
55699
70845
7269
36447
24387
48877
98967
24867
98320
37107
10392
54274
447
23053
86940
68241
69186
89381
98951
40882
5304
46540
12167
42689
28247
92137
30440
29371
95639
96346
48399
67690
83543
72020
4137
7930
20898
19456
32797
19218
72915
59542
89844
73362
98947
93136
41604
68133
82518
56907
25367
87822
19799
37535
46863
64398
46024
77303
93769
41663
90001
58520
9353
73544
30540
29843
97826
51438
65651
46976
87008
38567
22870
76852
11929
21817
69989
69885
6302
68859
43144
31670
56681
79295
85557
19897
43693
31581
13552
53814
73244
3554
28686
98949
93450
59227
28792
7629
27017
94444
54605
30378
49363
93827
23582
77644
15644
93571
47530
38298
78782
7026
69968
35464
86322
71877
71713
46367
3458
85265
16534
93054
5171
45220
8356
14974
20799
53500
22603
47817
64296
93560
94547
13659
87387
18129
91304
19383
28053
55186
57681
6835
62212
27650
58651
64886
15879
30364
27606
35690
15630
44140
28744
20801
89360
53452
35775
10160
6953
74730
74329
71249
68290
68876
84909
55677
87005
92565
75060
15058
47751
49094
38246
9963
76744
96897
91202
8975
27262
18808
44665
42892
62948
89762
80045
68660
43214
32173
95172
50167
6903
85853
37769
91546
71081
22678
63575
58087
15243
54988
89497
79346
4082
27743
5661
97178
40993
96863
6153
68255
15671
50819
27499
94971
56933
7544
79984
147
56069
75156
66667
79325
61010
4436
70871
32091
43466
50798
6530
75061
5786
12380
54407
9868
56475
60068
23398
97468
73284
29552
65723
88955
96723
93222
279
70008
17119
80263
70155
73188
71771
36822
52513
49133
57610
39736
81225
1076
90535
4107
76137
12673
32839
30544
38894
89315
6965
62292
86783
80249
8196
68859
85556
21271
78433
85835
91279
11904
82450
77787
85093
54222
30961
53958
3355
88572
10047
932
89648
16934
21392
65786
29607
54231
12682
84853
43546
19647
47146
46682
99896
71694
31893
85453
9318
26678
87640
597
38583
86443
94736
40028
40665
25698
10338
60372
14270
20385
61305
3918
53671
99049
86056
83279
53280
98739
84484
13179
18386
31630
76213
34635
19677
8106
36440
28995
51136
40432
45944
89719
26875
40681
29747
67540
66379
56438
44265
97001
76823
5570
919
30495
20971
86976
30126
74251
85715
14610
87430
20453
62593
79995
55088
98622
88101
7880
27617
55590
48313
89913
45309
75188
30594
91409
59081
13325
47847
3346
10326
41022
25268
27598
87869
46239
30926
17995
20490
32993
48958
24273
53446
27903
4268
24887
26525
8722
32767
54142
64312
81080
44055
25973
72621
91002
17382
31702
20679
81581
35048
31006
22604
76668
74956
10473
22907
5882
44821
59749
38875
10131
84022
8673
38034
4643
33560
64559
13365
82680
35053
94029
80112
95460
20002
52733
86462
53737
84435
7142
35318
35835
54500
74274
12503
29456
1100
35410
35338
45921
11512
74213
72404
95534
82886
10438
16529
32799
74997
29894
15479
26402
40275
95591
21862
60278
64677
8325
30367
49112
31819
65685
1300
86319
56312
30155
15775
57412
65566
67465
19685
93430
58030
92089
5316
57268
2527
21846
90067
93876
68092
21898
20278
8368
33842
42140
84998
98519
66817
15365
63983
98636
97402
65283
1307
53714
95439
33434
27478
77357
899
47163
70787
58929
55604
76103
32550
58131
14301
22617
68359
82394
44516
88637
90762
78358
47130
75760
93229
13947
91125
57212
28936
4879
38848
30243
58594
50639
63678
86072
27996
80929
49588
15135
56211
5192
7590
88761
79676
21892
27730
48035
4286
88598
53025
11400
83308
155
87160
76537
30454
94637
33750
59390
99516
88950
5986
74462
39589
86016
76887
83937
83297
26475
99072
39508
48019
23014
44621
27695
44906
72352
92083
65544
60950
61460
76944
44259
77967
80456
20796
8421
75093
70898
84164
90962
59848
6502
65424
15789
92518
42311
99726
75815
85138
15150
31676
49510
38165
76297
93557
99423
48649
85640
81320
25952
47100
74616
70211
41419
55073
7359
49841
30166
94610
50357
37480
70810
56859
2905
86600
65729
61568
2678
57896
46707
17829
5924
96217
72346
82222
89774
71769
47223
91767
69441
89527
55219
44058
59738
96639
99131
83450
62832
45649
78060
13189
83130
48870
86400
2387
51822
68481
63955
54501
26377
27014
72330
32302
39583
44676
30876
45710
32797
78099
37477
18591
67627
9048
62649
43717
22039
78132
27167
84871
40133
21579
14412
39615
70450
17164
42002
38624
85645
5958
93125
12023
49324
65455
60677
88908
26483
91553
34618
75633
86004
88447
94224
69983
97495
73225
30053
35887
51357
73572
37110
7842
95152
51523
47458
81954
85039
89460
20578
70685
11770
13704
99060
61095
95511
59737
50003
38347
67642
973
13980
53646
89420
24556
39982
3267
97781
70035
39154
65490
43607
92617
73332
38759
60492
20790
37065
45531
26603
57644
16216
38373
87700
15276
99468
83211
91365
65823
21558
59007
83148
51890
12654
72568
76446
68988
92188
90579
39023
47694
56069
82630
40311
45754
37742
803
82896
74807
46335
9499
48803
78903
47873
36503
94180
63693
36067
85545
45869
73977
60905
29017
25868
89911
17938
18666
58899
10126
9246
97922
57820
81667
96904
14484
27421
34646
15287
10318
25806
77974
36169
74609
56878
84042
11113
67410
64088
47180
69307
9957
37509
30212
38974
63377
20123
56912
82044
79022
83390
7642
93296
41211
89309
90201
55695
33083
24847
87334
59753
50653
81661
95922
41615
38539
96317
52728
5949
60405
16260
91608
86714
53769
21821
25688
33499
58296
98953
31895
37319
82343
39537
46967
39906
45198
37168
11953
94633
78368
99288
70738
29021
80949
66661
86988
35840
79330
39716
58141
39735
72328
49749
26449
42450
87922
68489
92301
46219
83794
24196
99890
66138
80085
46857
22396
41635
84026
34350
36269
78746
49990
23359
7767
47291
90020
11108
99483
85702
67176
57624
41789
39505
23725
84590
98307
11648
69432
6960
74219
53226
31156
74109
35716
27593
37318
58113
69228
37696
8815
21849
16442
75157
45209
40562
38800
51581
51670
38283
37284
18846
12259
95425
74703
35984
80016
73010
63984
49448
96322
38203
19026
27478
28664
54743
71423
65983
29208
57004
20031
38023
78853
36474
29532
40414
93388
68332
91996
45058
6615
45632
63904
18874
57409
54960
71210
37425
44322
35195
3225
40645
89750
22252
68123
18415
93347
55899
750
22555
12903
20781
76930
8108
73607
6462
48523
66995
74794
56871
28405
97761
18855
92310
16635
76264
63622
4197
30042
7944
39392
33267
48589
45495
71871
33065
80262
81570
88964
81012
4125
1867
18145
81055
9975
8105
3869
74850
91452
78663
31721
19858
92776
50576
28520
25763
26841
92142
29961
73235
86
85705
22854
48676
31200
11078
81741
11462
92648
87057
8826
96774
88924
43324
94181
15251
51429
14403
90102
42881
9418
38175
79091
2195
88752
7611
27958
31945
99753
57919
21532
99840
59977
44386
48516
91177
55464
46609
18992
48113
33666
44170
61239
38942
87494
55420
70545
55275
69823
76999
14509
79242
15175
93600
97789
20279
1212
25747
68576
17317
19
90108
17157
59996
34494
82025
67525
89959
28634
2869
54424
78652
47040
15663
33946
50886
87435
4492
6162
73611
81491
37023
69205
13018
46975
66994
49649
64539
9093
18225
81857
9112
8333
99014
85460
42828
97392
52986
49139
42378
72207
3563
21031
19247
35578
71329
70134
23013
75821
92648
96624
73665
46023
65829
3035
92998
49175
52685
57538
58269
70910
55747
67381
95596
71113
69194
54776
68505
22180
3915
10884
94387
23830
48267
29987
59408
19596
16473
98773
95418
9121
95398
85435
55144
77579
4822
64494
26755
57507
38384
85024
28418
94131
68757
40366
65245
37951
95142
33750
76483
99057
44634
87223
39239
9253
17210
14999
28850
33683
13772
40620
59156
25522
42407
30652
19454
47229
95146
62561
4737
33531
63937
49507
27662
32694
89873
9259
86998
85015
43010
79833
424
3996
67056
56015
13250
618
71014
58452
50653
1138
99072
9809
26661
41479
56813
62467
88708
51960
25028
9797
1843
88965
59304
45857
38011
65529
55117
25009
66896
14479
4843
67320
34827
88251
23335
64429
88870
10701
22881
55875
11840
21953
65685
54853
79784
38850
17320
84845
7162
58700
10994
9005
47665
86651
71215
85676
52180
26332
10686
19077
57163
31881
2749
91990
20132
42437
56420
25354
69490
79301
81230
81330
17607
63267
52535
13743
2117
86207
14940
9280
44907
25935
34637
92572
12586
5852
94601
81118
48536
21639
16547
5699
53520
19297
14042
90004
78086
70462
15359
47576
66115
12941
45259
74
76208
97794
30170
94677
84002
45110
3957
45261
87397
38595
37834
99983
60799
32435
97454
9336
70426
14001
15035
23946
49650
29077
30302
27736
15891
62013
75313
98359
74954
36924
14785
67514
34718
44955
62192
35072
6418
82501
80334
93815
21096
34520
10151
81896
83307
7605
7584
53733
21606
22619
94031
87609
68049
24333
15345
292
86347
7010
98651
77653
43934
13437
45168
95005
58392
7360
46429
81162
89861
26763
74978
27310
77635
1481
25558
77294
9086
33142
47379
47044
72113
41410
34653
56514
82096
66351
56807
84795
73361
55458
62448
33648
85247
7616
28653
59992
31328
75082
41154
21190
18198
32484
64852
12185
33965
90410
89480
59403
39904
36859
6448
28369
94622
57453
84884
76718
40156
41691
61513
13518
13501
40313
47166
98749
47930
92171
58741
95610
67253
16247
16800
1803
48732
98004
13989
82697
4766
19821
42101
44670
56680
64901
89392
67654
38706
74276
60724
78863
32319
38589
8733
45820
78903
72251
60921
43185
64422
36014
38795
48027
52262
71948
66183
994
69952
80172
43
91071
16345
58496
35741
73025
23397
41485
57032
78456
15761
17756
57319
48080
56346
82404
93901
51601
54655
71174
94786
35429
7189
49933
99808
59451
21881
65991
76797
8186
62515
76840
99257
78860
35337
51350
68238
75086
92836
25270
53542
24949
59378
27213
73030
15724
25969
83283
83677
80624
54457
94815
32405
77998
44749
32214
37449
82982
98205
30598
91168
60721
23791
6777
39581
59128
74480
24171
50566
83668
49441
20461
8617
8820
64026
97999
40896
89996
81282
24574
86972
52092
19389
19378
30090
80490
67944
83892
63473
66149
14490
70993
43222
54633
94123
99156
13761
68603
23327
80680
52271
89121
17493
77240
97941
81519
75240
55189
87867
72874
96115
74840
24966
15505
10570
71409
12347
94866
71653
75820
77367
86143
46814
20590
40777
57289
36098
70890
25892
75777
67922
94515
64898
85415
71755
79191
66935
63347
34381
71154
36222
30496
45994
61188
62353
72916
48949
74701
67782
20602
66873
45150
23098
30039
82092
80227
87328
34542
67469
13220
10319
35392
24087
75218
20807
12195
54409
4094
75542
5142
75249
11764
35639
37595
89305
14344
26864
38254
89045
94646
58857
55919
56148
98307
2310
54592
78534
89639
5486
46003
19211
15806
81395
43299
7376
18555
55494
61785
39001
31036
83280
14250
59153
18919
68198
48458
33263
95062
86712
38661
6060
61921
10932
78561
60228
13242
49505
55114
2881
54992
1118
38445
70798
98865
81744
78174
17420
53590
56311
72774
84626
55943
87024
43779
74862
71574
8589
24478
66636
95302
79491
89049
73575
90423
67610
50156
20017
17115
5270
39251
72107
6388
77696
59257
21606
75792
53783
39026
29382
26447
28152
30360
82390
31529
74140
73605
3103
82729
14435
86092
94383
93926
75141
84311
701
42751
34467
37070
76218
39737
76321
64678
62478
70369
40287
84084
46161
94071
39462
75543
36870
67615
5904
35612
99144
96396
9217
18599
95477
40004
4691
6213
33930
79832
90524
50983
38935
41343
88054
31506
81080
80727
96184
59910
51097
52823
60346
97258
63246
99809
89154
116
83776
95058
35729
99272
7806
61298
17871
19635
1303
22563
25848
51585
18747
32724
2569
74035
74067
6975
5541
71500
87702
18077
31410
38799
70900
91757
52410
50499
7918
41564
50615
91694
52974
2696
90966
77132
80347
25189
96767
98002
64104
38968
49587
82852
71692
68508
73239
45760
75483
78780
17260
79538
13209
48670
34689
461
56779
87099
50960
64697
45015
17928
72743
14341
36976
80061
91473
33675
5251
4593
31677
69355
43561
97617
68559
15253
66125
41798
61013
57961
36930
94625
53851
66491
59648
88540
83305
16427
91992
50617
97477
53359
84897
70220
67701
21874
50282
75526
71901
71885
80119
3579
41240
23680
1196
26152
55286
83673
84302
32651
57986
37585
27277
11837
20428
86925
16730
3733
19704
8722
54351
17181
62081
39248
87402
46134
77474
54036
21661
49376
25921
18132
69307
83513
58165
70503
9665
13451
70528
10320
62454
28515
47905
89731
56704
68333
93008
73434
72067
12713
98508
42770
46246
60590
98370
50000
23076
75845
4036
61089
41573
46309
79222
10880
29823
53739
97735
55840
67190
68263
66160
29644
13130
14065
35728
86187
98751
28736
75973
87170
57801
74482
46292
4048
51424
44662
70400
74500
36859
74437
35590
78432
20746
31164
5664
66921
84903
3399
22762
52093
88015
5274
98089
17497
35692
50169
3684
34443
95258
79658
37965
53059
70492
84257
73459
21916
28919
43860
96416
65779
34649
32006
60563
71747
63170
66228
38669
48073
85979
77783
16518
73994
83057
30960
7844
18749
97481
11528
69544
92739
7538
7509
62151
78030
91766
35610
16298
20686
79470
12715
2817
30471
61073
79732
2219
40596
62312
40888
5021
48292
35023
37892
38638
18080
68852
46482
36830
82685
74363
6374
75425
98253
13884
37576
92636
22002
89538
8934
59040
85361
21649
61857
15832
82723
57942
18051
39671
20254
75291
44692
68546
10314
82584
7185
28395
67788
70019
81577
50474
44382
4303
42251
42636
34539
79827
35272
56542
69365
44206
15582
54726
82208
93792
86911
81283
51734
4962
20954
71988
80254
65646
40535
6920
48231
64072
35315
16019
34091
33244
82845
94826
37548
25096
37462
72087
21275
89086
28629
6993
49644
60564
78071
31852
54356
64982
13135
6090
69945
34089
78078
66551
99736
34965
73471
64319
99037
25139
96690
49481
58383
95888
44307
95931
20984
98121
68019
42260
87207
13000
65605
53203
73564
43676
85056
27920
8659
98191
34010
94956
48633
28441
61507
64721
63406
51330
29040
78796
76469
42082
28277
34853
37970
88936
47136
75307
87057
31507
17567
90616
60860
83172
60171
34424
43200
45227
78697
51859
59771
29059
46815
24756
57500
24674
89477
37259
76005
34869
16055
68826
76951
60684
20031
31274
65972
67168
6581
69381
98675
24148
59997
75887
23672
20168
10312
83224
81748
5361
35084
57871
34420
98251
82627
8273
22926
72104
61884
98931
6973
77939
84109
276
54975
4141
31550
20947
71309
38131
90328
86336
78631
66677
62224
18655
3197
88888
1880
1297
94249
53316
59168
45021
51567
41795
53294
74493
13899
31530
89776
37224
25821
73886
53853
80796
78027
85403
18095
65688
39887
24775
68376
18518
7804
46952
53526
27354
35840
71758
28651
46441
25074
87820
91463
76641
29615
61109
67487
59867
92640
57263
13443
18461
47501
67296
15610
41880
69052
50057
7568
8939
74833
92297
43809
82637
39249
13687
9991
91442
85445
54995
37883
10519
42815
45698
3513
88782
23160
71000
65001
32152
44615
94797
66965
92117
62093
82575
33997
47497
32633
57918
72788
23818
66567
16598
22807
5816
46637
49151
13610
32083
4146
67846
42602
63313
13544
62467
52095
53056
33467
33449
85208
78083
28246
68526
70200
90339
51101
20549
54189
86
94819
26977
40256
61386
59927
63064
83555
6565
28567
97165
38648
32713
65011
97602
96026
94908
60070
64473
47964
9889
97922
49525
87972
26168
18051
74524
32860
85504
11426
87049
1943
6245
30378
42199
83984
90306
21615
67539
96871
50182
81056
51871
99247
46068
65825
11625
57328
42247
76099
5292
52137
90373
71169
56461
16542
5572
30986
65754
7429
58764
52803
9372
65009
83181
67923
48993
89839
5891
32884
3062
72425
13941
54933
71673
60009
37111
99650
33689
79358
75749
38981
47847
66123
26503
4309
99017
48427
51647
64771
55856
10411
33926
81580
91772
33459
65856
57118
23299
71747
90002
42713
60524
3943
97647
48549
80304
51110
48200
13993
30468
23949
69327
94668
6424
12182
98977
21793
60609
66976
86564
32818
93739
36842
30750
85511
70302
96606
42629
9953
84705
48984
52666
45230
69279
66665
93779
65936
17775
58331
96281
64596
82281
81960
59264
5057
94142
74593
26851
71104
57921
29767
3922
51660
66610
34672
53523
53264
47631
96153
63217
32336
61489
32235
93918
30768
98901
4050
96704
33028
62381
92986
13976
61014
74946
73240
66072
85441
64185
9275
56545
38458
39042
76819
90118
22004
27843
43642
75268
75474
56147
54837
24163
33988
87073
18081
64756
2326
38483
77813
35354
865
87151
49331
61879
78449
38923
44303
63890
19461
53578
36787
57919
8973
29958
64390
30977
74154
24384
6246
49628
96883
61083
90143
30871
64508
24577
11979
66834
63060
6144
18541
63925
93295
84224
42157
88097
39499
2812
68339
58960
72743
5127
33232
81716
51437
13974
29045
25591
38358
35291
91572
51593
12727
81715
98816
93587
6292
10795
60422
85705
16940
95315
49630
26587
79539
8139
14684
19038
10952
83024
94351
83695
4503
43935
81763
55940
57909
10808
97884
12619
62452
89456
80564
91531
87523
79380
85118
10168
90175
61892
95873
23467
57207
61855
66407
53098
69995
81091
88489
97299
80467
99192
97346
1322
43127
79109
73615
17388
6269
71499
46359
85073
77307
26923
76604
64830
6303
78075
74998
12830
39967
70871
36298
13527
32727
2705
66625
19074
148
55114
16373
96968
54306
13719
98290
13785
9180
71905
47525
31801
43404
93884
16875
20711
20807
9831
1894
43462
87906
76892
56293
44226
64116
8943
74105
96843
28000
40730
15917
28148
12197
48642
41468
82855
78713
39759
12993
87893
11664
60518
19694
71421
54403
52921
92132
91562
62753
10378
35025
67011
87271
7670
27589
51387
16613
18046
64582
44613
58777
96851
89113
87326
45493
30582
86533
24206
70341
99526
28451
98357
60045
64497
69778
30800
17419
78263
22362
96524
88641
73739
79887
92264
81409
23829
43651
98022
41875
24585
58987
17004
21436
48101
20682
83281
95035
7216
7487
81728
23094
35938
80085
83139
16788
66216
30291
34207
44479
52654
47083
33120
42745
26970
25385
24155
67151
85388
22177
9027
26326
97517
26031
47762
45618
46714
31044
57005
70282
54883
38733
93376
7174
35170
92868
23962
1386
23159
74521
62217
92165
21604
95338
34911
64926
37075
75418
48430
38815
97595
57457
65141
95112
99840
29256
57082
62906
76652
30439
33188
31535
69172
42917
55061
20695
35785
79023
38433
75296
69896
651
83814
91500
95989
18725
72779
49416
94143
21209
4583
8090
95018
86077
19555
94858
31685
92989
74117
8337
23429
7305
56224
8953
66574
11286
46000
2359
6661
84434
94008
76558
85085
77822
84410
97426
12899
73541
46842
23394
11102
67777
31484
6120
70206
67391
17331
1891
76733
91448
10228
162
15105
82805
25467
81680
94091
71468
391
17104
55902
94399
93662
40987
72221
78073
38413
1472
67966
1607
24866
79069
69384
72703
85189
39591
40094
18872
57834
16827
10320
84415
33341
41778
67220
75161
39810
77663
46629
40201
94767
2531
50953
88430
59870
39526
82855
98283
40999
50821
99890
65865
29890
85626
54920
31432
41569
95015
50304
99404
28194
60625
83819
77888
18755
67391
53049
58565
45054
99678
15118
39821
18561
66071
44603
78431
21950
27458
76714
79301
78280
92956
45166
24522
94934
87
55954
36504
11454
6259
52260
56000
83236
36079
33888
18343
3470
3289
76908
64876
2967
92026
4697
37880
74450
49301
16311
96400
93111
9377
75701
71391
18685
37219
12266
13620
53658
84572
50124
81464
7183
18736
37465
6771
71167
87705
25114
90989
90995
2022
55865
